999 0 1 
0 0 0
999 1 26 
19 0 0
3 0 1
0 3 1
0 24 1
3 27 1
14 27 1
20 27 0
42 27 1
45 24 1
45 3 1
42 0 1
25 0 1
13 9 0
17 27 1
15 18 0
19 18 1
21 16 1
20 9 1
22 0 0
26 18 1
30 18 1
32 16 1
31 11 1
29 9 1
24 9 1
54 0 0
999 2 15 
0 -7 0
1 7 1
3 16 1
7 18 1
12 16 1
12 10 1
8 8 1
2 8 1
8 8 0
11 7 1
12 3 1
9 0 1
5 0 1
1 3 1
18 0 0
999 3 0 
999 4 3 
0 0 0
0 4 1
0 0 0
999 5 3 
0 0 0
0 -4 1
0 0 0
999 6 3 
0 0 0
-4 0 1
0 0 0
999 7 3 
0 0 0
4 0 1
0 0 0
999 8 1 
-18 0 0
999 9 1 
0 -9 0
999 10 1 
0 -36 0
999 11 1 
0 36 0
999 12 1 
0 9 0
999 13 1 
0 0 0
999 14 3 
-4 0 0
4 0 1
0 0 0
999 15 3 
0 4 0
0 -4 1
0 0 0
999 16 9 
4 4 0
-4 -4 1
0 -5 0
0 5 1
-4 4 0
4 -4 1
5 0 0
-5 0 1
0 0 0
999 17 10 
-2 -5 0
-5 -2 1
-5 2 1
-2 5 1
2 5 1
5 2 1
5 -2 1
2 -5 1
-2 -5 1
0 0 0
999 18 6 
0 10 0
6 18 1
12 10 1
6 18 0
6 0 1
18 0 0
999 19 6 
6 3 0
0 9 1
6 15 1
0 9 0
12 9 1
18 0 0
999 20 6 
0 8 0
6 0 1
12 8 1
6 0 0
6 18 1
18 0 0
999 21 6 
6 3 0
12 9 1
6 15 1
0 9 0
12 9 1
18 0 0
999 22 5 
0 3 0
3 0 1
6 20 1
13 20 1
18 0 0
999 23 9 
3 0 0
4 12 1
9 0 0
9 12 1
0 10 0
4 12 1
9 12 1
12 14 1
18 0 0
999 24 5 
0 0 0
6 15 1
12 0 1
0 0 1
18 0 0
999 25 9 
0 -7 0
2 11 1
1 2 0
6 0 1
10 2 1
11 11 1
10 2 0
13 0 1
18 0 0
999 26 10 
6 16 0
4 18 1
4 21 1
6 23 1
9 23 1
11 21 1
11 18 1
9 16 1
6 16 1
18 0 0
999 27 11 
0 0 0
4 0 1
1 7 1
1 12 1
4 16 1
9 16 1
12 12 1
12 7 1
9 0 1
13 0 1
18 0 0
999 28 10 
0 -7 0
3 9 1
7 12 1
11 11 1
13 8 1
13 4 1
10 0 1
5 0 1
2 3 1
18 0 0
999 29 8 
0 0 0
4 0 1
2 0 0
2 18 1
0 18 0
12 18 1
12 14 1
18 0 0
999 30 14 
7 0 0
2 0 1
0 4 1
0 10 1
2 15 1
5 18 1
10 18 1
12 14 1
12 8 1
10 3 1
7 0 1
0 9 0
12 9 1
18 0 0
999 31 7 
0 0 0
6 10 1
0 17 0
3 18 1
9 2 1
12 0 1
18 0 0
999 32 1 
18 0 0
999 33 5 
6 0 0
6 0 1
6 5 0
6 18 1
18 0 0
999 34 5 
3 14 0
4 18 1
7 14 0
8 18 1
18 0 0
999 35 9 
2 0 0
4 18 1
8 0 0
10 18 1
0 13 0
12 13 1
0 5 0
12 5 1
18 0 0
999 36 15 
0 3 0
3 1 1
9 1 1
12 3 1
12 7 1
9 9 1
3 9 1
0 11 1
0 15 1
3 17 1
9 17 1
12 15 1
6 19 0
6 -1 1
18 0 0
999 37 13 
0 0 0
12 18 1
6 14 0
3 10 1
0 14 1
3 18 1
6 14 1
9 8 0
12 4 1
9 0 1
6 4 1
9 8 1
18 0 0
999 38 10 
12 5 0
8 0 1
2 0 1
0 4 1
9 14 1
7 18 1
3 18 1
1 14 1
12 0 1
18 0 0
999 39 4 
5 14 0
7 18 1
7 18 1
18 0 0
999 40 5 
12 -2 0
6 4 1
6 14 1
12 20 1
18 0 0
999 41 5 
0 -2 0
6 4 1
6 14 1
0 20 1
18 0 0
999 42 7 
3 2 0
9 16 1
3 16 0
9 2 1
0 9 0
12 9 1
18 0 0
999 43 5 
6 2 0
6 16 1
0 9 0
12 9 1
18 0 0
999 44 4 
4 -4 0
6 1 1
6 1 1
18 0 0
999 45 3 
0 9 0
12 9 1
18 0 0
999 46 4 
6 0 0
6 0 1
6 0 1
18 0 0
999 47 3 
0 0 0
12 18 1
18 0 0
999 48 12 
1 2 0
11 16 1
12 12 0
12 6 1
9 0 1
3 0 1
0 6 1
0 12 1
3 18 1
9 18 1
12 12 1
18 0 0
999 49 6 
3 0 0
9 0 1
6 0 0
6 18 1
3 15 1
18 0 0
999 50 9 
0 15 0
3 18 1
9 18 1
12 15 1
12 11 1
2 5 1
0 0 1
12 0 1
18 0 0
999 51 14 
0 16 0
3 18 1
9 18 1
12 15 1
12 11 1
9 9 1
3 9 1
9 9 0
12 7 1
12 3 1
9 0 1
3 0 1
0 2 1
18 0 0
999 52 5 
9 0 0
9 18 1
0 6 1
12 6 1
18 0 0
999 53 11 
0 2 0
3 0 1
9 0 1
12 2 1
12 8 1
9 10 1
3 10 1
0 9 1
2 18 1
12 18 1
18 0 0
999 54 12 
0 7 0
3 10 1
9 10 1
12 7 1
12 3 1
9 0 1
3 0 1
0 3 1
0 10 1
3 15 1
7 18 1
18 0 0
999 55 4 
0 18 0
12 18 1
4 0 1
18 0 0
999 56 17 
3 10 0
0 13 1
0 16 1
3 19 1
9 19 1
12 16 1
12 13 1
9 10 1
3 10 1
0 7 1
0 3 1
3 0 1
9 0 1
12 3 1
12 7 1
9 10 1
18 0 0
999 57 12 
5 0 0
9 3 1
12 8 1
12 15 1
9 18 1
3 18 1
0 15 1
0 11 1
3 8 1
9 8 1
12 11 1
18 0 0
999 58 5 
6 4 0
6 4 1
6 14 0
6 14 1
18 0 0
999 59 6 
5 -4 0
7 0 1
7 0 1
7 10 0
7 10 1
18 0 0
999 60 4 
12 0 0
0 9 1
12 18 1
18 0 0
999 61 5 
0 4 0
12 4 1
0 14 0
12 14 1
18 0 0
999 62 4 
0 0 0
12 9 1
0 18 1
18 0 0
999 63 10 
0 15 0
3 18 1
9 18 1
12 15 1
12 11 1
6 7 1
6 4 1
6 0 0
6 0 1
18 0 0
999 64 13 
12 2 0
10 0 1
3 0 1
0 3 1
0 15 1
3 18 1
9 18 1
12 15 1
12 6 1
5 6 1
5 13 1
12 13 1
18 0 0
999 65 6 
0 0 0
6 18 1
12 0 1
3 9 0
9 9 1
18 0 0
999 66 13 
0 0 0
0 18 1
9 18 1
12 15 1
12 12 1
9 9 1
0 9 1
9 9 0
12 6 1
12 3 1
9 0 1
0 0 1
18 0 0
999 67 9 
12 3 0
9 0 1
3 0 1
0 3 1
0 15 1
3 18 1
9 18 1
12 15 1
18 0 0
999 68 8 
0 0 0
0 18 1
9 18 1
12 15 1
12 3 1
9 0 1
0 0 1
18 0 0
999 69 8 
0 0 0
0 18 1
12 18 1
0 9 0
9 9 1
0 0 0
12 0 1
18 0 0
999 70 6 
0 0 0
0 18 1
12 18 1
0 9 0
9 9 1
18 0 0
999 71 11 
12 15 0
9 18 1
3 18 1
0 15 1
0 3 1
3 0 1
9 0 1
12 3 1
12 8 1
5 8 1
18 0 0
999 72 7 
0 0 0
0 18 1
12 0 0
12 18 1
0 9 0
12 9 1
18 0 0
999 73 7 
2 0 0
10 0 1
6 0 0
6 18 1
2 18 0
10 18 1
18 0 0
999 74 8 
0 2 0
3 0 1
5 0 1
8 2 1
8 18 1
4 18 0
12 18 1
18 0 0
999 75 7 
0 0 0
0 18 1
12 18 0
0 6 1
3 9 0
12 0 1
18 0 0
999 76 5 
0 0 0
0 18 1
0 0 0
12 0 1
18 0 0
999 77 6 
0 0 0
0 18 1
6 5 1
12 18 1
12 0 1
18 0 0
999 78 5 
0 0 0
0 18 1
12 0 1
12 18 1
18 0 0
999 79 10 
3 0 0
0 3 1
0 15 1
3 18 1
9 18 1
12 15 1
12 3 1
9 0 1
3 0 1
18 0 0
999 80 8 
0 0 0
0 18 1
9 18 1
12 15 1
12 11 1
9 8 1
0 8 1
18 0 0
999 81 12 
3 0 0
0 3 1
0 15 1
3 18 1
9 18 1
12 15 1
12 3 1
9 0 1
3 0 1
7 5 0
14 -2 1
18 0 0
999 82 10 
0 0 0
0 18 1
9 18 1
12 15 1
12 11 1
9 8 1
0 8 1
7 8 0
12 0 1
18 0 0
999 83 13 
0 2 0
3 0 1
9 0 1
12 3 1
12 6 1
9 9 1
3 9 1
0 12 1
0 15 1
3 18 1
9 18 1
12 16 1
18 0 0
999 84 5 
6 0 0
6 18 1
0 18 0
12 18 1
18 0 0
999 85 7 
0 18 0
0 3 1
3 0 1
9 0 1
12 3 1
12 18 1
18 0 0
999 86 4 
0 18 0
6 0 1
12 18 1
18 0 0
999 87 6 
0 18 0
3 0 1
6 14 1
9 0 1
12 18 1
18 0 0
999 88 5 
0 0 0
12 18 1
0 18 0
12 0 1
18 0 0
999 89 6 
6 0 0
6 7 1
0 18 1
6 7 0
12 18 1
18 0 0
999 90 6 
0 0 0
12 18 1
0 18 1
12 0 0
0 0 1
18 0 0
999 91 5 
12 20 0
6 20 1
6 -2 1
12 -2 1
18 0 0
999 92 3 
0 18 0
12 0 1
18 0 0
999 93 5 
0 -2 0
6 -2 1
6 20 1
0 20 1
18 0 0
999 94 4 
0 7 0
6 16 1
12 7 1
18 0 0
999 95 3 
-18 -5 0
0 -5 1
0 0 0
999 96 4 
5 18 0
5 18 1
7 14 1
18 0 0
999 97 12 
0 10 0
5 12 1
11 10 1
11 2 1
8 0 1
4 0 1
0 2 1
0 5 1
11 6 1
11 2 0
13 0 1
18 0 0
999 98 9 
0 0 0
0 18 1
0 9 0
6 11 1
12 9 1
12 2 1
6 0 1
0 2 1
18 0 0
999 99 7 
11 9 0
6 11 1
0 9 1
0 2 1
6 0 1
11 2 1
18 0 0
999 100 9 
12 2 0
6 0 1
0 2 1
0 9 1
6 11 1
12 9 1
12 18 0
12 0 1
18 0 0
999 101 10 
0 6 0
12 7 1
9 12 1
3 12 1
0 9 1
0 2 1
3 0 1
9 0 1
12 2 1
18 0 0
999 102 7 
4 0 0
4 16 1
8 18 1
12 16 1
0 9 0
8 9 1
18 0 0
999 103 11 
11 2 0
6 0 1
0 2 1
0 9 1
6 11 1
11 9 1
11 11 0
11 -5 1
6 -7 1
0 -5 1
18 0 0
999 104 7 
0 0 0
0 18 1
0 9 0
6 11 1
12 9 1
12 0 1
18 0 0
999 105 6 
7 0 0
7 11 1
4 11 1
7 18 0
7 18 1
18 0 0
999 106 7 
0 -5 0
4 -7 1
8 -5 1
8 11 1
8 18 0
8 18 1
18 0 0
999 107 7 
0 0 0
0 18 1
0 5 0
12 11 1
4 7 0
12 0 1
18 0 0
999 108 6 
3 0 0
9 0 1
6 0 0
6 18 1
3 18 1
18 0 0
999 109 11 
0 0 0
0 12 1
0 9 0
4 12 1
6 9 1
6 0 1
6 9 0
10 12 1
12 9 1
12 0 1
18 0 0
999 110 7 
0 0 0
0 11 1
0 8 0
6 11 1
12 8 1
12 0 1
18 0 0
999 111 8 
6 0 0
0 2 1
0 9 1
6 11 1
12 9 1
12 2 1
6 0 1
18 0 0
999 112 9 
0 -7 0
0 11 1
0 9 0
6 11 1
12 9 1
12 2 1
6 0 1
0 2 1
18 0 0
999 113 10 
11 2 0
6 0 1
0 2 1
0 9 1
6 11 1
11 9 1
11 11 0
11 -6 1
13 -8 1
18 0 0
999 114 6 
0 0 0
0 11 1
0 8 0
6 11 1
12 8 1
18 0 0
999 115 9 
0 2 0
6 0 1
12 2 1
12 5 1
0 7 1
0 10 1
6 12 1
12 10 1
18 0 0
999 116 7 
12 2 0
8 0 1
4 2 1
4 18 1
0 11 0
8 11 1
18 0 0
999 117 6 
0 11 0
0 2 1
6 0 1
12 2 1
12 11 1
18 0 0
999 118 4 
0 11 0
6 0 1
12 11 1
18 0 0
999 119 6 
0 11 0
3 0 1
6 8 1
9 0 1
12 11 1
18 0 0
999 120 5 
0 0 0
11 11 1
0 11 0
11 0 1
18 0 0
999 121 5 
0 11 0
7 1 1
3 -7 0
12 11 1
18 0 0
999 122 5 
0 11 0
12 11 1
0 0 1
12 0 1
18 0 0
999 123 8 
12 -2 0
7 1 1
7 6 1
4 9 1
7 12 1
7 17 1
12 20 1
18 0 0
999 124 5 
6 0 0
6 6 1
6 12 0
6 18 1
18 0 0
999 125 8 
0 -2 0
5 1 1
5 6 1
8 9 1
5 12 1
5 17 1
0 20 1
18 0 0
999 126 6 
0 0 0
0 53 1
53 53 1
53 0 1
0 0 1
56 0 0
999 127 10
0 0 0
0 18 1
12 9 1
0 0 1
0 3 0
4 3 1
4 15 1
0 15 1
0 6 0
8 6 1
